9
1	 87	 476	 494	 42	 72
2	 99	 535	 547	 33	 56
3	 79	 166	 228	 19	 87
4	 9	 380	 440	 66	 82
5	 6	 428	 486	 5	 21
6	 26	 359	 391	 26	 42
7	 68	 174	 240	 42	 87
8	 81	 553	 577	 19	 38
9	 19	 271	 329	 9	 90
0	12	20	21	32	11	7	7	4
12	0	10	8	13	23	22	11	30
20	10	0	6	4	11	39	24	46
21	8	6	0	33	21	6	5	3
32	13	4	33	0	34	14	18	14
11	23	11	21	34	0	11	42	38
7	22	39	6	14	11	0	0	2
7	11	24	5	18	42	0	0	10
4	30	46	3	14	38	2	10	0
