9
1	 88	 222	 238	 2	 42
2	 33	 220	 234	 18	 55
3	 42	 345	 403	 10	 20
4	 68	 493	 563	 23	 75
5	 2	 191	 267	 50	 96
6	 56	 526	 566	 25	 31
7	 51	 383	 415	 22	 23
8	 36	 130	 184	 19	 97
9	 67	 205	 239	 62	 97
0	12	40	20	2	42	17	5	9
12	0	41	27	28	36	24	48	18
40	41	0	47	6	22	26	13	34
20	27	47	0	8	10	21	32	29
2	28	6	8	0	14	14	9	40
42	36	22	10	14	0	32	5	37
17	24	26	21	14	32	0	31	46
5	48	13	32	9	5	31	0	4
9	18	34	29	40	37	46	4	0
