8
1	 85	 447	 573	 28	 67
2	 87	 257	 269	 44	 52
3	 56	 375	 413	 12	 55
4	 97	 322	 422	 1	 23
5	 64	 439	 505	 19	 63
6	 54	 4	 134	 4	 40
7	 23	 17	 95	 81	 98
8	 58	 435	 439	 10	 94
0	12	42	0	3	26	28	47
12	0	43	42	49	10	11	3
42	43	0	38	3	31	27	14
0	42	38	0	3	20	9	7
3	49	3	3	0	35	16	5
26	10	31	20	35	0	32	26
28	11	27	9	16	32	0	43
47	3	14	7	5	26	43	0
