9
1	 87	 522	 524	 18	 69
2	 10	 337	 395	 1	 36
3	 43	 418	 494	 15	 38
4	 71	 373	 397	 4	 26
5	 23	 246	 298	 33	 92
6	 69	 173	 181	 36	 46
7	 19	 495	 531	 55	 85
8	 32	 115	 135	 15	 50
9	 20	 217	 291	 45	 73
0	45	43	30	29	33	6	1	6
45	0	30	48	13	27	44	11	14
43	30	0	41	12	5	30	8	42
30	48	41	0	20	17	45	40	41
29	13	12	20	0	22	14	36	34
33	27	5	17	22	0	9	35	12
6	44	30	45	14	9	0	2	0
1	11	8	40	36	35	2	0	4
6	14	42	41	34	12	0	4	0
