9
1	 89	 97	 183	 46	 64
2	 56	 114	 180	 22	 29
3	 39	 302	 316	 2	 26
4	 56	 347	 373	 7	 25
5	 93	 268	 292	 2	 83
6	 45	 52	 140	 11	 44
7	 45	 56	 126	 20	 21
8	 19	 164	 238	 59	 99
9	 9	 96	 184	 0	 68
0	48	46	18	29	19	36	24	18
48	0	2	14	34	11	14	22	8
46	2	0	3	24	43	1	28	11
18	14	3	0	32	38	1	21	31
29	34	24	32	0	23	15	26	28
19	11	43	38	23	0	1	46	49
36	14	1	1	15	1	0	7	34
24	22	28	21	26	46	7	0	14
18	8	11	31	28	49	34	14	0
