9
1	 88	 208	 292	 18	 40
2	 72	 84	 168	 44	 93
3	 77	 276	 300	 20	 30
4	 2	 101	 149	 15	 41
5	 19	 61	 159	 52	 86
6	 100	 520	 544	 92	 93
7	 31	 380	 394	 6	 44
8	 88	 237	 333	 0	 51
9	 41	 241	 319	 9	 58
0	45	14	29	0	29	15	0	11
45	0	10	16	42	40	46	48	2
14	10	0	18	28	16	17	34	31
29	16	18	0	46	6	9	3	16
0	42	28	46	0	2	14	13	10
29	40	16	6	2	0	44	48	25
15	46	17	9	14	44	0	34	44
0	48	34	3	13	48	34	0	48
11	2	31	16	10	25	44	48	0
