8
1	 82	 609	 633	 17	 90
2	 52	 546	 644	 6	 33
3	 78	 324	 352	 43	 83
4	 20	 248	 338	 5	 34
5	 51	 597	 709	 7	 23
6	 79	 435	 465	 4	 23
7	 75	 164	 256	 46	 61
8	 57	 572	 624	 42	 45
0	34	30	31	12	8	49	5
34	0	25	35	43	43	8	32
30	25	0	30	42	27	12	4
31	35	30	0	44	2	16	10
12	43	42	44	0	21	15	34
8	43	27	2	21	0	28	43
49	8	12	16	15	28	0	7
5	32	4	10	34	43	7	0
