8
1	 85	 101	 125	 1	 69
2	 84	 237	 347	 4	 42
3	 83	 288	 314	 48	 81
4	 14	 239	 357	 10	 70
5	 71	 13	 107	 73	 82
6	 85	 356	 374	 4	 35
7	 19	 89	 93	 39	 85
8	 83	 481	 539	 7	 52
0	43	19	5	41	4	30	2
43	0	41	23	9	46	7	45
19	41	0	29	13	10	5	19
5	23	29	0	37	16	1	20
41	9	13	37	0	40	22	0
4	46	10	16	40	0	11	4
30	7	5	1	22	11	0	1
2	45	19	20	0	4	1	0
