9
1	 88	 564	 680	 23	 93
2	 94	 480	 602	 1	 30
3	 76	 110	 226	 74	 93
4	 26	 260	 374	 73	 91
5	 97	 588	 722	 70	 90
6	 15	 359	 465	 3	 78
7	 62	 155	 289	 30	 63
8	 64	 140	 158	 88	 98
9	 88	 220	 234	 38	 82
0	48	25	19	9	37	26	39	14
48	0	21	45	6	48	26	35	20
25	21	0	25	22	32	13	39	23
19	45	25	0	20	49	36	9	5
9	6	22	20	0	43	15	49	2
37	48	32	49	43	0	17	33	36
26	26	13	36	15	17	0	12	40
39	35	39	9	49	33	12	0	34
14	20	23	5	2	36	40	34	0
