8
1	 84	 152	 170	 34	 95
2	 76	 65	 103	 65	 81
3	 18	 228	 262	 7	 96
4	 2	 303	 317	 1	 70
5	 30	 145	 165	 10	 93
6	 2	 181	 237	 37	 58
7	 8	 217	 241	 28	 33
8	 76	 315	 353	 9	 25
0	33	43	2	41	42	28	15
33	0	5	17	39	45	20	1
43	5	0	16	11	1	38	37
2	17	16	0	16	22	30	35
41	39	11	16	0	39	49	43
42	45	1	22	39	0	10	29
28	20	38	30	49	10	0	6
15	1	37	35	43	29	6	0
