9
1	 88	 300	 328	 31	 37
2	 83	 415	 445	 66	 73
3	 41	 217	 269	 54	 61
4	 64	 185	 199	 48	 66
5	 8	 113	 203	 69	 99
6	 43	 333	 429	 11	 74
7	 82	 228	 248	 20	 64
8	 12	 405	 417	 5	 63
9	 14	 124	 198	 38	 41
0	14	1	24	11	1	28	45	12
14	0	16	6	6	44	4	35	36
1	16	0	4	0	24	22	18	27
24	6	4	0	33	3	48	24	4
11	6	0	33	0	5	15	31	31
1	44	24	3	5	0	5	40	12
28	4	22	48	15	5	0	23	42
45	35	18	24	31	40	23	0	41
12	36	27	4	31	12	42	41	0
