9
1	 89	 332	 412	 44	 63
2	 97	 226	 228	 71	 72
3	 27	 510	 586	 11	 81
4	 36	 73	 125	 78	 93
5	 6	 258	 350	 41	 50
6	 50	 240	 268	 35	 49
7	 100	 238	 302	 19	 62
8	 100	 204	 312	 28	 54
9	 1	 22	 110	 36	 63
0	10	48	26	32	8	26	16	21
10	0	2	44	21	44	0	5	14
48	2	0	40	33	17	2	44	8
26	44	40	0	16	13	6	26	29
32	21	33	16	0	21	39	17	9
8	44	17	13	21	0	26	12	15
26	0	2	6	39	26	0	38	1
16	5	44	26	17	12	38	0	7
21	14	8	29	9	15	1	7	0
