8
1	 84	 218	 312	 18	 27
2	 67	 173	 177	 12	 26
3	 98	 376	 488	 8	 53
4	 57	 343	 427	 61	 96
5	 97	 330	 360	 29	 39
6	 9	 140	 166	 9	 33
7	 32	 142	 214	 67	 100
8	 42	 127	 177	 24	 59
0	49	42	19	6	29	1	30
49	0	24	6	13	26	11	6
42	24	0	7	10	42	22	15
19	6	7	0	46	40	38	42
6	13	10	46	0	6	1	24
29	26	42	40	6	0	32	40
1	11	22	38	1	32	0	49
30	6	15	42	24	40	49	0
