9
1	 87	 227	 261	 53	 61
2	 28	 388	 428	 10	 44
3	 8	 395	 497	 15	 32
4	 76	 281	 301	 33	 92
5	 81	 219	 305	 47	 85
6	 34	 592	 620	 37	 41
7	 73	 237	 323	 33	 86
8	 77	 321	 367	 16	 74
9	 57	 298	 374	 3	 51
0	27	47	10	5	37	49	11	7
27	0	15	9	18	28	9	34	22
47	15	0	44	48	25	20	37	19
10	9	44	0	3	41	38	15	7
5	18	48	3	0	10	17	1	6
37	28	25	41	10	0	42	21	17
49	9	20	38	17	42	0	47	22
11	34	37	15	1	21	47	0	42
7	22	19	7	6	17	22	42	0
