8
1	 83	 477	 563	 23	 60
2	 61	 394	 432	 75	 83
3	 52	 84	 182	 55	 64
4	 95	 460	 496	 88	 97
5	 29	 142	 218	 58	 69
6	 12	 118	 176	 15	 71
7	 33	 363	 411	 45	 77
8	 55	 233	 253	 22	 54
0	34	1	30	33	39	9	39
34	0	44	15	12	21	20	20
1	44	0	44	36	4	28	0
30	15	44	0	40	26	18	22
33	12	36	40	0	19	11	46
39	21	4	26	19	0	40	22
9	20	28	18	11	40	0	20
39	20	0	22	46	22	20	0
