8
1	 83	 273	 283	 7	 81
2	 55	 255	 283	 1	 48
3	 24	 447	 463	 17	 98
4	 100	 593	 619	 76	 80
5	 26	 263	 335	 27	 34
6	 7	 669	 675	 16	 62
7	 97	 229	 265	 14	 70
8	 68	 532	 542	 59	 89
0	16	34	11	24	12	29	1
16	0	4	20	41	47	8	46
34	4	0	34	26	29	34	10
11	20	34	0	21	12	28	29
24	41	26	21	0	0	11	8
12	47	29	12	0	0	49	39
29	8	34	28	11	49	0	43
1	46	10	29	8	39	43	0
