9
1	 90	 359	 385	 39	 44
2	 3	 4	 76	 29	 83
3	 61	 447	 481	 20	 47
4	 28	 339	 427	 4	 77
5	 26	 260	 310	 47	 60
6	 73	 154	 216	 24	 38
7	 5	 62	 74	 13	 21
8	 32	 63	 71	 39	 77
9	 84	 77	 119	 4	 28
0	45	41	0	28	13	8	10	23
45	0	28	26	44	2	15	18	10
41	28	0	43	5	13	8	6	24
0	26	43	0	21	32	39	7	1
28	44	5	21	0	24	36	24	42
13	2	13	32	24	0	16	47	34
8	15	8	39	36	16	0	36	25
10	18	6	7	24	47	36	0	20
23	10	24	1	42	34	25	20	0
