9
1	 88	 469	 533	 42	 97
2	 27	 224	 262	 6	 41
3	 10	 40	 90	 7	 81
4	 89	 30	 64	 72	 97
5	 18	 504	 506	 47	 100
6	 10	 251	 271	 43	 45
7	 40	 435	 487	 17	 22
8	 23	 402	 426	 36	 41
9	 98	 38	 106	 0	 26
0	33	18	44	5	43	8	33	15
33	0	11	27	29	6	41	49	15
18	11	0	29	30	28	20	15	25
44	27	29	0	12	18	19	25	27
5	29	30	12	0	47	12	7	35
43	6	28	18	47	0	6	17	6
8	41	20	19	12	6	0	9	14
33	49	15	25	7	17	9	0	33
15	15	25	27	35	6	14	33	0
