9
1	 87	 421	 487	 61	 90
2	 66	 224	 290	 23	 46
3	 74	 220	 320	 8	 41
4	 46	 568	 572	 66	 76
5	 86	 307	 365	 28	 92
6	 3	 373	 471	 53	 75
7	 90	 501	 507	 7	 47
8	 22	 234	 324	 38	 73
9	 36	 343	 443	 16	 65
0	41	26	10	35	6	39	13	3
41	0	34	26	40	15	7	47	34
26	34	0	2	31	15	32	11	31
10	26	2	0	41	1	23	38	32
35	40	31	41	0	16	17	10	44
6	15	15	1	16	0	8	8	18
39	7	32	23	17	8	0	2	28
13	47	11	38	10	8	2	0	11
3	34	31	32	44	18	28	11	0
