8
1	 84	 66	 112	 26	 31
2	 70	 276	 340	 31	 52
3	 26	 60	 124	 33	 67
4	 69	 229	 323	 39	 58
5	 8	 189	 243	 9	 93
6	 46	 425	 439	 8	 39
7	 19	 146	 192	 65	 94
8	 81	 373	 395	 37	 41
0	20	35	29	3	35	19	24
20	0	12	46	31	49	33	21
35	12	0	8	43	46	30	11
29	46	8	0	49	1	20	34
3	31	43	49	0	16	8	9
35	49	46	1	16	0	16	37
19	33	30	20	8	16	0	47
24	21	11	34	9	37	47	0
